24.0805604203
17.5131348511
4.3782837128
19.7022767075
18.6077057793
3.2837127846
21.8914185639
20.7968476357
6.5674255692
35.9465376948
26.1429365053
6.5357341263
29.4108035685
27.7768700369
4.9018005948
32.6786706317
31.0447371001
9.8036011895
1.6603773585
1.2075471698
0.1006289308
1.358490566
1.2830188679
0.0754716981
1.5094339623
1.4339622642
0.1509433962
1.7589680721
1.279249507
0.1066041256
1.4391556953
1.3592026011
0.0799530942
1.5990618837
1.5191087895
0.1599061884
0.4649000465
0.3381091247
0.0845272812
0.3803727653
0.359240945
0.0633954609
0.4226364059
0.4015045856
0.1267909218
0.4649000465
0.3381091247
0.0845272812
0.3803727653
0.359240945
0.0633954609
0.4226364059
0.4015045856
0.1267909218
51.1961277111
37.2335474262
9.3083868566
41.8877408545
39.5606441404
6.9812901424
46.5419342828
44.2148375686
13.9625802848
70.1933507753
51.0497096548
12.7624274137
57.4309233616
54.2403165082
9.5718205603
63.8121370685
60.621530215
19.1436411205
4.7244770863
3.4359833355
0.2863319446
3.8654812524
3.6507322939
0.2147489585
4.2949791694
4.0802302109
0.4294979169
4.8417624015
3.5212817466
0.2934401455
3.9614419649
3.7413618557
0.2200801092
4.4016021832
4.181522074
0.4401602183
1.7772607565
1.2925532774
0.3231383194
1.4541224371
1.3733378573
0.2423537395
1.6156915968
1.5349070169
0.484707479
1.7772607565
1.2925532774
0.3231383194
1.4541224371
1.3733378573
0.2423537395
1.6156915968
1.5349070169
0.484707479
196.8010877733
143.1280638351
35.7820159588
161.0190718145
152.0735678248
26.8365119691
178.9100797939
169.9645758042
53.6730239382
181.0610175629
131.6807400458
32.9201850114
148.1408325515
139.9107862986
24.6901387586
164.6009250572
156.3708788043
49.3802775172
33.3714239485
24.270126508
2.0225105423
27.3038923215
25.7870094148
1.5168829068
30.337658135
28.8207752283
3.0337658135
33.8451124581
24.6146272422
2.0512189369
27.6914556475
26.1530414449
1.5384142026
30.7682840528
29.2298698502
3.0768284053
39.7815630538
28.9320458573
7.2330114643
32.5485515895
30.7402987234
5.4247585982
36.1650573216
34.3568044555
10.8495171965
39.7830018083
28.9330922242
7.2332730561
32.5497287523
30.7414104882
5.424954792
36.1663652803
34.3580470163
10.8499095841